111111011110000000110010101000 7
1011001111011111001011000111111 3
1100010110001100111010000011110 5
1110110111101110100100011010100 3
1011011100111100001000011001110 4
110100101000100111100000011100 6
110011001110011000010100010110 4
11000101010101010111001010011 3
11101101101011000011010101 4
1111000101000101101001101100011 3
1111100001101001100111001000010 4
1001010011011110000001100001111 6
1010011001010000110000010000011 5
1010111010100011001111000111000 3
1111101111011011001101111100111 2
11000101100010100101011101000 3
1101011110011111010010111001100 2
1101100110001010000011010101011 5
1011100101100101001111000100111 3
1110101101011101110000011101011 5
101111001110110010111100010011 3
1101111110110001000100100001001 4
1110111010101001011100100100010 3
10001000000101001000001011 6
1011111101011001001111011000010 4
11101011011010010011001110010 2
1011111100110110010110001111010 3
1010110100011111110011110110011 3
1100010100110000000110010000 7
100000100011000000001100100111 8
1011011100011011000011111110101 4
1100110011000101001010011111111 3
110011010101011100111110110111 2
1000111100000110000010000111100 5
1010011100100001001111100011010 4
1011000101010011100111110000110 4
11000100000010001101110100000 6
1111010101101111111001100111001 2
1100000111001011000110101 5
1111110011010011110010100110011 2
1010110101001010010001110101000 3
110100110001000001010101010100 5
11101011101110010111000011110 4
1111100110000001010110100001 6
110111100010011011101111011101 3
1010100101100101100100001111110 4
11011100000101110011101011101 5
1000110011110100100010001011001 3
1111111010010101110011000101000 3
110100110000011111001010111 5
1111111000100000010000101100000 6
1000100001010110100000010110100 6
1100000101000000110110010011011 6
1000101000111000000010010100100 7
1010011010010111001001011101100 2
101100100101010000110110111001 4
111111100100000110011100110111 5
111101100110111010110000101110 4
1110100010000000011010000101100 8
11011001001100111010001110111 3
110001111111001101010110111100 3
111001100111110010011101111101 2
1101001010011010011011011011101 2
1000000001000000011011111001000 8
1111010000010101101010110001000 5
1110010110001111100001101011101 4
1110100000011101011110101110010 6
1101000100110101110011001100001 4
1100000101101101000100100111000 5
10001110010101011001111100 3
1011101001001011011100101100010 3
1001110000011010011110010101101 5
1001000001101101111101010010001 5
111011001111100100001100001110 4
1111011111111110100011101011101 3
1010111011011001010001111011001 3
101111010101101110010100000110 5
1000100101100100010110110011100 3
100111100011000010000001001000 6
1100111111011110110000001011110 6
1011110110111111100100100101111 2
1110110000101100111001000111011 4
110100001110101000101110100101 4
1100010101100000100110101010011 5
1111110011100010110101111100000 3
1110100010101111101000101011011 3
1100010101101111011001001111110 3
1001011001011110101010100101101 2
1010001001011001111101101101010 3
11111100010001101101111100 3
1110110000011101111001001101001 5
110111110110101111100110001100 3
1100011011011010100100100100111 3
1000011010100101010101111011000 4
101001011000101001100110010010 3
1111001111110111000011001000101 4
101000011011000110100010010001 4
111010010011001000000001110000 8
1110010100000101100101000110010 5
100001101101111000001010011010 5
